9 6 7100.169
8 7 7699.459
7 8 7463.692
8 8 7976.206
9 8 7750.731
8 9 7542.328
10 8 7767.025
9 9 7631.605
8 10 7341.282
10 9 7779.015
9 10 7567.375
12 8 7568.505
11 9 7720.131
10 10 8032.240
12 9 7738.290
11 10 7971.713
10 11 7765.524
12 10 8080.465
11 11 7915.709
10 12 7662.626
13 10 7955.255
12 11 8111.493
11 12 7901.126
14 10 7993.319
13 11 8063.496
12 12 8260.709
14 11 8101.397
13 12 8223.504
12 13 8021.144
14 12 8333.872
13 13 8149.771
15 12 8263.854
14 13 8331.545
13 14 8124.334
16 12 8272.406
15 13 8309.886
14 14 8447.744
16 13 8348.725
15 14 8448.634
14 15 8251.228
16 14 8520.653
15 15 8353.496
17 14 8458.290
16 15 8481.178
15 16 8281.869
18 14 8481.569
17 15 8464.130
16 16 8493.134
14 18 7700.003
18 15 8513.811
17 16 8497.634
16 17 8304.758
15 18 7928.950
18 16 8583.501
17 17 8398.961
16 18 8197.640
20 15 8446.247
19 16 8537.855
18 17 8520.278
17 18 8327.465
20 16 8575.387
19 17 8521.927
18 18 8519.909
21 16 8459.934
20 17 8570.280
19 18 8527.139
18 19 8339.847
21 17 8505.480
20 18 8614.273
19 19 8438.057
22 17 8494.402
20 19 8557.020
19 20 8369.457
22 18 8595.259
21 19 8538.083
20 20 8551.301
19 21 8173.666
23 18 8534.371
22 19 8576.061
21 20 8546.703
20 21 8369.198
23 19 8551.245
22 20 8616.559
21 21 8444.935
23 20 8600.659
22 21 8530.821
26 18 8493.836
24 20 8658.170
23 21 8557.381
22 22 8533.518
27 18 8419.947
25 20 8630.540
24 21 8618.840
23 22 8555.631
26 20 8668.885
25 21 8621.922
24 22 8656.356
23 23 8486.079
27 20 8639.257
26 21 8664.995
25 22 8661.121
24 23 8582.127
28 20 8666.467
26 22 8722.903
25 23 8623.013
29 20 8594.630
28 21 8686.074
27 22 8711.055
26 23 8682.806
25 24 8613.239
28 22 8755.618
27 23 8695.869
26 24 8700.981
25 25 8532.680
29 22 8708.890
28 23 8742.051
27 24 8711.954
26 25 8633.723
29 23 8714.535
28 24 8775.944
27 25 8670.294
30 23 8710.088
29 24 8760.155
28 25 8734.133
27 26 8648.757
30 24 8777.914
29 25 8737.923
28 26 8736.344
27 27 8569.209
31 24 8731.884
30 25 8764.988
29 26 8746.560
28 27 8669.575
32 24 8723.191
31 25 8738.300
30 26 8790.323
29 27 8694.817
33 24 8663.384
32 25 8736.723
31 26 8770.249
30 27 8741.858
29 28 8670.901
32 26 8792.221
31 27 8738.947
30 28 8732.041
29 29 8570.869
33 26 8754.743
32 27 8768.013
31 28 8736.570
30 29 8641.981
34 26 8755.831
33 27 8746.745
32 28 8780.757
31 29 8665.585
34 27 8756.154
33 28 8765.009
32 29 8715.507
34 28 8794.549
33 29 8718.249
35 28 8763.489
34 29 8752.134
33 30 8686.279
32 31 8583.926
36 28 8777.467
35 29 8739.070
34 30 8735.898
33 31 8611.654
37 28 8736.246
36 29 8757.096
35 30 8724.259
34 31 8662.154
38 28 8739.508
37 29 8731.472
36 30 8759.636
35 31 8669.373
39 28 8695.750
38 29 8737.447
37 30 8734.154
36 31 8707.540
35 32 8632.850
40 28 8682.466
39 29 8701.890
38 30 8755.682
37 31 8701.220
36 32 8688.151
41 28 8623.099
40 29 8695.203
39 30 8722.731
38 31 8724.578
37 32 8680.962
41 29 8646.861
40 30 8729.806
39 31 8709.279
38 32 8721.717
42 29 8635.022
40 31 8717.620
39 32 8703.326
38 33 8663.949
43 29 8586.525
42 30 8691.609
41 31 8687.104
40 32 8731.745
39 33 8660.378
44 29 8568.557
42 31 8693.873
41 32 8705.049
40 33 8689.663
37 36 8460.184
45 29 8521.562
43 31 8663.166
42 32 8725.200
41 33 8680.000
40 34 8687.708
38 36 8533.034
37 37 8381.726
44 31 8660.808
43 32 8695.602
42 33 8700.850
41 34 8678.907
38 37 8448.315
47 29 8443.527
45 31 8624.526
44 32 8705.238
43 33 8682.792
42 34 8711.478
40 36 8608.815
39 37 8486.225
46 31 8613.390
45 32 8671.044
44 33 8695.981
43 34 8694.691
42 35 8666.808
41 36 8616.836
40 37 8537.261
47 31 8577.135
46 32 8671.665
44 34 8717.808
43 35 8661.960
42 36 8661.256
41 37 8558.361
40 38 8500.096
46 33 8676.622
45 34 8695.593
44 35 8687.600
43 36 8657.118
42 37 8601.147
46 34 8710.819
45 35 8677.659
44 36 8692.917
43 37 8611.642
42 38 8578.555
48 33 8648.056
47 34 8686.005
46 35 8695.918
45 36 8682.793
44 37 8645.490
43 38 8587.348
48 34 8693.198
47 35 8682.468
46 36 8710.647
45 37 8647.431
44 38 8635.698
49 34 8658.557
48 35 8693.327
47 36 8695.621
46 37 8675.269
48 36 8717.347
47 37 8676.117
46 38 8677.444
49 36 8698.562
48 37 8697.441
47 38 8675.710
50 36 8712.027
49 37 8696.901
48 38 8708.461
51 36 8675.282
50 37 8710.983
49 38 8705.239
48 39 8674.848
47 40 8623.665
51 37 8681.115
50 38 8732.596
49 39 8682.540
52 37 8664.190
51 38 8705.924
50 39 8713.904
49 40 8673.284
53 37 8631.483
52 38 8695.900
51 39 8693.272
50 40 8709.910
49 41 8633.318
48 42 8596.969
54 37 8607.564
53 38 8663.802
52 39 8684.872
51 40 8693.257
50 41 8670.836
55 37 8569.417
54 38 8648.910
52 40 8692.622
51 41 8662.318
50 42 8657.692
56 37 8540.895
55 38 8612.773
53 40 8671.566
52 41 8664.135
51 42 8651.370
50 43 8608.539
57 37 8492.663
56 38 8593.777
55 39 8622.774
54 40 8666.774
53 41 8648.852
52 42 8662.287
51 43 8608.690
57 38 8549.082
56 39 8604.954
55 40 8643.569
54 41 8647.166
53 42 8648.674
52 43 8622.643
56 40 8635.368
55 41 8628.895
54 42 8653.941
53 43 8614.821
52 44 8609.326
57 40 8603.820
56 41 8623.167
55 42 8635.048
54 43 8623.680
53 44 8604.193
57 41 8596.341
56 42 8635.125
55 43 8609.959
54 44 8620.309
57 42 8607.754
56 43 8613.562
55 44 8608.627
54 45 8580.093
58 42 8604.575
57 43 8595.070
56 44 8619.274
59 42 8572.829
57 44 8601.282
59 43 8570.579
58 44 8607.344
57 45 8576.900
56 46 8580.505
60 43 8566.037
59 44 8584.283
58 45 8584.100
57 46 8571.231
60 44 8587.333
59 45 8568.858
58 46 8584.799
57 47 8536.135
56 48 8517.683
61 44 8561.835
60 45 8572.651
59 46 8570.602
62 44 8560.929
61 45 8553.920
60 46 8579.945
59 47 8544.591
58 48 8539.052
61 46 8560.847
60 47 8553.854
59 48 8533.300
62 46 8567.024
61 47 8541.980
60 48 8550.018
59 49 8495.212
63 46 8544.883
62 47 8547.944
61 48 8538.801
60 49 8513.095
59 50 8470.600
64 46 8547.328
63 47 8532.138
62 48 8551.320
65 46 8521.914
64 47 8534.834
63 48 8537.127
62 49 8522.315
61 50 8493.186
64 48 8544.780
63 49 8514.720
62 50 8513.674
65 48 8527.040
64 49 8522.951
63 50 8506.854
66 48 8531.565
65 49 8511.994
64 50 8522.576
60 54 8289.205
67 48 8510.777
66 49 8516.549
65 50 8514.088
68 48 8512.410
67 49 8501.619
66 50 8523.134
65 51 8475.813
69 48 8489.032
68 49 8503.882
67 50 8509.630
66 51 8487.942
63 54 8344.297
69 49 8485.685
68 50 8516.561
67 51 8478.942
64 54 8374.981
70 49 8486.187
69 50 8499.477
68 51 8487.937
67 52 8462.094
65 54 8378.441
70 50 8504.548
69 51 8475.690
68 52 8477.338
66 54 8404.032
65 55 8328.480
71 50 8485.257
70 51 8482.023
68 53 8441.754
67 54 8403.764
72 50 8487.945
71 51 8468.288
70 52 8478.137
69 53 8437.019
68 54 8424.664
73 50 8467.278
72 51 8472.329
71 52 8465.544
70 53 8449.195
69 54 8420.926
68 55 8380.379
67 56 8330.208
74 50 8467.441
73 51 8456.161
72 52 8473.273
71 53 8441.483
70 54 8437.554
69 55 8383.432
75 50 8445.567
74 51 8458.164
73 52 8458.039
72 53 8450.294
71 54 8430.880
70 55 8399.785
69 56 8358.170
76 50 8443.564
74 52 8463.242
73 53 8439.937
72 54 8443.712
71 55 8399.221
70 56 8379.718
76 51 8439.824
75 52 8446.113
74 53 8445.481
73 54 8434.105
72 55 8411.561
71 56 8378.437
76 52 8448.740
75 53 8432.829
74 54 8443.296
73 55 8406.491
72 56 8396.240
77 52 8430.396
76 53 8435.960
75 54 8431.400
74 55 8416.056
73 56 8391.109
80 50 8386.868
78 52 8430.312
77 53 8421.071
76 54 8437.740
75 55 8408.789
74 56 8405.549
79 52 8411.221
78 53 8422.309
77 54 8423.748
76 55 8415.063
75 56 8398.587
80 52 8408.440
79 53 8406.435
78 54 8427.633
77 55 8405.612
76 56 8409.373
80 53 8405.319
79 54 8412.647
78 55 8409.978
77 56 8400.205
74 59 8310.258
82 52 8383.836
81 53 8389.288
80 54 8413.689
79 55 8398.646
78 56 8408.171
74 60 8285.538
82 53 8384.838
81 54 8398.505
80 55 8401.338
79 56 8397.533
78 57 8382.849
77 58 8362.049
76 59 8328.928
82 54 8396.158
81 55 8389.770
80 56 8402.755
78 58 8373.466
77 59 8329.911
76 60 8308.512
74 62 8205.916
83 54 8364.256
82 55 8388.956
81 56 8391.827
80 57 8381.586
79 58 8366.955
78 59 8341.528
77 60 8309.561
76 61 8263.651
83 55 8360.146
82 56 8393.420
81 57 8375.164
80 58 8377.059
78 60 8325.500
76 62 8237.928
84 55 8342.338
83 56 8367.017
82 57 8378.063
81 58 8370.428
80 59 8349.482
78 61 8285.514
77 62 8243.078
76 63 8187.218
85 55 8314.331
84 56 8353.174
83 57 8355.083
82 58 8376.368
81 59 8346.580
78 62 8263.820
86 55 8294.351
85 56 8326.028
84 57 8343.264
83 58 8355.459
82 59 8354.029
81 60 8335.552
80 61 8303.940
79 62 8265.879
78 63 8217.691
87 55 8264.881
86 56 8310.836
85 57 8320.902
84 58 8347.108
83 59 8336.347
82 60 8346.066
80 62 8286.017
87 56 8281.977
85 58 8324.715
84 59 8329.464
83 60 8330.524
82 61 8317.769
81 62 8288.224
80 63 8245.824
88 56 8265.467
86 58 8314.795
85 59 8311.575
84 60 8326.959
83 61 8305.331
82 62 8303.723
81 63 8254.191
90 55 8188.751
86 59 8302.168
85 60 8309.223
84 61 8302.701
83 62 8293.057
82 63 8269.321
86 60 8304.127
85 61 8288.692
84 62 8293.895
83 63 8261.964
82 64 8249.557
87 60 8283.638
86 61 8284.411
85 62 8280.614
84 63 8263.580
83 64 8243.378
82 65 8206.688
88 60 8277.213
87 61 8268.268
86 62 8279.673
85 63 8253.849
84 64 8248.382
83 65 8204.344
82 66 8180.943
89 60 8255.479
88 61 8261.573
87 62 8263.508
86 63 8253.590
85 64 8239.527
84 65 8209.864
83 66 8179.238
90 60 8249.643
88 62 8261.663
87 63 8241.380
86 64 8242.641
85 65 8206.371
84 66 8189.198
83 67 8134.855
91 60 8230.338
90 61 8241.331
89 62 8244.012
88 63 8239.339
87 64 8231.084
86 65 8208.913
85 66 8184.719
84 67 8145.588
90 62 8244.102
89 63 8226.624
88 64 8233.449
86 66 8192.959
85 67 8144.942
84 68 8119.347
92 61 8221.392
91 62 8228.574
90 63 8228.740
89 64 8220.465
88 65 8205.093
87 66 8185.793
86 67 8153.684
85 68 8118.954
92 62 8226.876
91 63 8217.139
90 64 8224.843
88 66 8193.157
87 67 8150.713
86 68 8132.438
85 69 8074.222
93 62 8211.264
92 63 8216.715
91 64 8213.297
90 65 8202.942
89 66 8184.382
87 68 8129.484
86 69 8088.436
94 62 8205.066
93 63 8204.682
92 64 8215.368
91 65 8194.682
90 66 8192.439
86 70 8061.703
94 63 8199.850
93 64 8203.550
92 65 8198.184
91 66 8184.648
87 70 8062.894
94 64 8201.865
93 65 8189.195
92 66 8190.160
88 70 8079.232
87 71 8018.581
96 63 8176.760
95 64 8187.659
94 65 8188.842
93 66 8181.623
92 67 8165.145
91 68 8142.813
96 64 8183.057
95 65 8177.507
94 66 8184.087
93 67 8158.635
88 72 8006.369
97 64 8167.233
96 65 8174.520
95 66 8173.344
94 67 8163.153
93 68 8145.910
91 70 8090.447
98 64 8159.077
96 66 8173.490
95 67 8155.452
94 68 8152.447
92 70 8102.597
90 72 8027.145
98 65 8155.666
97 66 8161.818
96 67 8157.002
95 68 8144.780
94 69 8125.017
93 70 8099.170
98 66 8158.746
97 67 8147.963
96 68 8149.061
94 70 8109.478
90 74 7951.440
99 66 8143.942
98 67 8146.998
97 68 8139.976
96 69 8125.584
100 66 8137.313
99 67 8135.532
98 68 8141.992
97 69 8118.980
96 70 8112.427
92 74 7974.921
100 67 8130.415
99 68 8131.779
98 69 8122.613
97 70 8106.226
100 68 8129.634
99 69 8114.982
98 70 8111.855
94 74 7993.916
92 76 7895.914
101 68 8117.052
100 69 8114.501
99 70 8104.489
98 71 8086.292
95 74 7994.537
102 68 8111.994
101 69 8105.545
100 70 8106.639
96 74 8008.962
94 76 7921.137
103 68 8097.781
102 69 8101.923
101 70 8097.913
100 71 8084.691
104 68 8090.444
103 69 8091.073
102 70 8097.457
101 71 8078.263
96 76 7942.129
94 78 7839.212
104 69 8084.479
103 70 8087.456
102 71 8079.058
97 76 7944.033
96 77 7898.087
104 70 8083.876
103 71 8071.482
102 72 8068.545
98 76 7959.466
96 78 7866.122
105 70 8070.954
104 71 8069.169
103 72 8060.774
99 76 7960.725
106 70 8064.100
105 71 8059.049
104 72 8061.366
98 78 7888.958
96 80 7782.632
107 70 8049.989
106 71 8053.478
105 72 8051.886
104 73 8040.878
101 76 7972.397
99 78 7892.489
98 79 7843.887
108 70 8042.857
107 71 8042.083
106 72 8049.493
105 73 8034.216
104 74 8029.308
102 76 7981.923
100 78 7908.255
98 80 7811.368
108 71 8035.102
107 72 8038.596
106 73 8033.636
105 74 8023.328
102 77 7947.500
101 78 7910.651
100 79 7865.433
108 72 8034.981
107 73 8025.900
106 74 8025.488
102 78 7923.611
100 80 7836.078
109 72 8022.052
108 73 8023.418
107 74 8018.059
106 75 8004.110
103 78 7924.088
101 80 7839.679
100 81 7791.931
110 72 8014.886
109 73 8012.647
108 74 8018.316
104 78 7934.758
102 80 7856.968
100 82 7756.338
110 73 8006.753
109 74 8008.330
108 75 8001.017
105 78 7933.336
104 79 7898.538
103 80 7859.361
102 81 7815.674
110 74 8005.087
109 75 7992.788
108 76 7988.696
106 78 7942.562
104 80 7874.368
102 82 7782.692
112 73 7986.370
111 74 7992.917
110 75 7991.026
109 76 7981.323
105 80 7874.496
103 82 7786.932
112 74 7988.607
111 75 7981.286
110 76 7982.829
109 77 7958.050
106 80 7888.261
104 82 7805.343
113 74 7975.120
112 75 7977.947
111 76 7973.776
110 77 7961.558
107 80 7886.986
106 81 7852.458
105 82 7808.363
104 83 7758.155
114 74 7969.048
113 75 7966.743
112 76 7973.860
111 77 7954.761
110 78 7947.912
108 80 7899.051
106 82 7824.844
114 75 7961.804
113 76 7962.995
112 77 7956.039
111 78 7941.477
108 81 7866.196
114 76 7962.096
113 77 7947.688
112 78 7946.582
111 79 7919.086
110 80 7907.016
108 82 7841.130
106 84 7749.454
116 75 7943.949
115 76 7950.560
114 77 7948.101
113 78 7938.725
110 81 7877.134
108 83 7800.665
107 84 7753.708
116 76 7948.516
115 77 7938.986
114 78 7942.514
113 79 7920.125
112 80 7912.065
110 82 7854.669
108 84 7771.078
117 76 7936.261
116 77 7938.121
115 78 7933.773
114 79 7924.110
113 80 7907.914
110 83 7817.110
118 76 7932.010
117 77 7928.475
116 78 7935.957
115 79 7919.032
114 80 7914.643
112 82 7865.416
110 84 7789.296
118 77 7924.902
117 78 7926.567
116 79 7921.392
114 81 7890.727
112 83 7830.748
110 85 7748.121
118 78 7926.544
117 79 7914.861
116 80 7914.373
115 81 7888.289
114 82 7873.400
112 84 7804.773
110 86 7717.990
119 78 7915.984
118 79 7915.661
117 80 7908.643
116 81 7893.505
115 82 7871.298
114 83 7841.636
120 78 7914.169
119 79 7908.573
118 80 7911.553
116 82 7878.882
114 84 7817.561
112 86 7737.726
121 78 7902.319
120 79 7906.943
119 80 7905.284
116 83 7849.526
120 80 7905.899
119 81 7889.707
118 82 7881.771
116 84 7827.504
114 86 7754.938
122 79 7895.176
121 80 7897.564
120 81 7891.277
118 83 7854.806
117 84 7826.580
116 85 7794.153
122 80 7896.852
121 81 7886.234
120 82 7882.115
118 84 7834.719
116 86 7769.303
124 79 7880.864
123 80 7887.482
122 81 7886.052
121 82 7877.397
118 85 7803.652
116 87 7731.783
124 80 7885.545
123 81 7880.022
122 82 7879.931
120 84 7839.045
118 86 7780.642
116 88 7704.156
125 80 7874.731
124 81 7878.393
123 82 7874.330
122 83 7857.302
121 84 7836.156
120 85 7810.205
118 87 7745.686
126 80 7869.170
125 81 7871.720
124 82 7875.361
123 83 7853.323
122 84 7840.563
121 85 7808.793
120 86 7788.956
118 88 7719.805
126 81 7866.793
125 82 7869.865
124 83 7854.504
123 84 7836.673
127 81 7847.180
126 82 7867.452
125 83 7849.852
124 84 7839.357
122 86 7794.231
120 88 7732.084
128 81 7833.365
127 82 7848.647
126 83 7847.985
125 84 7835.187
124 85 7814.763
123 86 7792.115
122 87 7763.686
129 81 7813.585
128 82 7835.964
127 83 7832.541
126 84 7834.345
125 85 7811.662
124 86 7796.632
122 88 7741.281
129 82 7817.000
128 83 7819.770
127 84 7818.783
126 85 7811.354
125 86 7793.941
130 82 7804.312
129 83 7803.310
128 84 7810.243
127 85 7798.306
126 86 7794.797
124 88 7747.472
122 90 7682.156
131 82 7785.082
130 83 7791.016
129 84 7794.023
128 85 7790.003
127 86 7782.192
126 87 7768.433
125 88 7746.415
132 82 7772.386
131 83 7773.492
130 84 7785.115
129 85 7776.365
128 86 7777.102
127 87 7757.739
126 88 7749.135
124 90 7692.237
132 83 7761.627
131 84 7768.169
130 85 7767.855
129 86 7763.814
128 87 7753.260
127 88 7739.317
133 83 7743.499
132 84 7758.813
131 85 7752.999
130 86 7758.644
129 87 7742.414
128 88 7737.347
126 90 7697.634
133 84 7741.281
132 85 7744.612
131 86 7744.403
130 87 7737.774
129 88 7726.921
128 89 7710.324
127 90 7690.547
134 84 7731.521
133 85 7729.124
132 86 7738.751
131 87 7726.715
130 88 7724.998
128 90 7691.567
134 85 7720.191
133 86 7723.771
132 87 7721.169
131 88 7714.054
134 86 7717.248
133 87 7709.740
132 88 7711.684
131 89 7692.315
135 86 7701.388
134 87 7703.252
133 88 7701.134
131 90 7676.072
136 86 7694.491
135 87 7691.076
134 88 7696.687
133 89 7682.802
132 90 7676.659
136 87 7683.658
135 88 7685.303
134 89 7679.141
133 90 7668.640
136 88 7679.917
135 89 7670.140
134 90 7667.712
133 91 7646.925
137 88 7667.581
136 89 7665.686
135 90 7659.222
133 92 7629.747
138 88 7661.956
137 89 7655.658
136 90 7657.121
135 91 7641.110
134 92 7631.916
139 88 7648.297
138 89 7650.701
137 90 7647.452
136 91 7639.488
135 92 7626.393
140 88 7642.421
139 89 7639.191
138 90 7645.074
137 91 7632.204
136 92 7627.455
141 88 7628.482
139 90 7634.646
138 91 7629.869
137 92 7620.721
142 88 7621.907
140 90 7630.990
139 91 7621.891
138 92 7620.923
136 94 7590.994
141 90 7620.112
140 91 7618.420
139 92 7613.381
142 90 7615.026
141 91 7609.501
140 92 7611.892
138 94 7588.963
143 90 7602.886
142 91 7604.864
141 92 7603.953
144 90 7596.849
143 91 7594.673
142 92 7600.708
141 93 7589.630
140 94 7584.607
138 96 7550.681
143 92 7590.907
142 93 7587.049
141 94 7578.873
144 92 7586.477
142 94 7577.913
145 92 7576.094
144 93 7574.982
143 94 7570.752
146 92 7570.120
145 93 7566.214
144 94 7568.354
147 92 7558.557
146 93 7560.561
145 94 7560.311
144 95 7553.681
148 92 7551.771
147 93 7550.180
146 94 7556.036
145 95 7547.006
144 96 7542.856
147 94 7546.432
146 95 7543.272
145 96 7536.841
148 94 7541.321
147 95 7534.984
146 96 7534.497
149 94 7531.004
148 95 7530.169
147 96 7526.918
146 97 7517.495
150 94 7524.817
149 95 7521.301
148 96 7523.944
147 97 7511.468
146 98 7505.132
151 94 7513.576
150 95 7515.306
149 96 7515.766
148 97 7509.264
147 98 7499.657
152 94 7506.538
151 95 7504.986
150 96 7511.465
148 98 7499.115
151 96 7501.928
150 97 7498.936
149 98 7493.153
152 96 7496.731
150 98 7491.036
148 100 7465.910
153 96 7485.552
152 97 7486.027
151 98 7483.383
154 96 7478.940
153 97 7475.961
152 98 7479.950
150 100 7462.084
155 96 7466.724
154 97 7469.264
153 98 7470.502
152 99 7465.881
151 100 7456.890
154 98 7465.349
152 100 7456.031
150 102 7425.760
155 98 7454.831
154 99 7452.874
153 100 7448.455
156 98 7449.228
155 99 7443.584
154 100 7444.786
152 102 7423.586
156 99 7437.822
155 100 7435.890
154 101 7428.729
153 102 7417.776
156 100 7431.783
154 102 7416.539
152 104 7385.381
157 100 7422.196
156 101 7417.569
155 102 7409.683
157 101 7409.669
