1.e-8	-0.008936385834621781
0.01000001	-0.008936003548757898
0.020000010000000002	-0.008934865353699148
0.03000001	-0.008932968798696834
0.04000001	-0.00893031439430662
0.050000010000000004	-0.008926902956785413
0.06000001	-0.008922735539516944
0.07000001	-0.00891781335195645
0.08000001	-0.00891213781905217
0.09000000999999999	-0.008905710206106369
0.10000001	-0.008898532895475868
0.11000001	-0.008890607357261103
0.12000000999999999	-0.008881936639124722
0.13000001	-0.008872522605325115
0.14000001	-0.008862368342832022
0.15000001	-0.008851477048206742
0.16000001	-0.008839851631020215
0.17000001	-0.008827495337304056
0.18000001	-0.008814411972745524
0.19000001	-0.008800605146077606
0.20000001	-0.00878607875373808
0.21000001	-0.00877083724352226
0.22000001	-0.008754884994320035
0.23000001	-0.008738226249244946
0.24000000999999999	-0.008720866395520497
0.25000001	-0.00870280980251571
0.26000001	-0.008684061889969718
0.27000001	-0.008664628059630898
0.28000001	-0.008644513575013954
0.29000001	-0.008623724408606728
0.30000001	-0.00860226636382978
0.31000001	-0.008580145470305113
0.32000001	-0.008557368034284325
0.33000001	-0.008533940483263981
0.34000001	-0.008509869215593246
0.35000001000000003	-0.008485161149811885
0.36000001	-0.008459822986192184
0.37000001	-0.008433861808572236
0.38000001	-0.008407284839949429
0.39000001	-0.008380099357234251
0.40000001	-0.008352312894651565
0.41000001	-0.008323933099699966
0.42000001	-0.00829496771787816
0.43000001	-0.00826542464170582
0.44000001	-0.008235311908071856
0.45000001	-0.00820463759927997
0.46000001	-0.008173409964060421
0.47000001	-0.00814163737701129
0.48000001	-0.00810932828822687
0.49000001	-0.008076491323171505
0.50000001	-0.008043135224987492
0.5100000100000001	-0.008009268814087913
0.5200000100000001	-0.007974900992289315
0.5300000100000001	-0.007940040828635557
0.5400000100000001	-0.007904697277936825
0.5500000100000001	-0.007868879503782317
0.5600000100000001	-0.00783259672127109
0.5700000100000001	-0.007795858069816332
0.58000001	-0.007758673074420398
0.59000001	-0.007721051132735127
0.60000001	-0.007683001837636567
0.61000001	-0.007644534730379393
0.62000001	-0.007605659510779663
0.63000001	-0.007566385802302508
0.6400000100000001	-0.007526723379995177
0.6500000100000001	-0.007486681893817973
0.6600000100000001	-0.007446271068883415
0.6700000100000001	-0.007405500781096796
0.6800000100000001	-0.007364380653448746
0.6900000100000001	-0.007322920737424991
0.7000000100000001	-0.007281130843409455
0.71000001	-0.0072390208976884024
0.72000001	-0.0071966009083342004
0.73000001	-0.007153880799069502
0.74000001	-0.007110870410835061
0.75000001	-0.007067579855009495
0.7600000100000001	-0.007024018703272254
0.7700000100000001	-0.006980197046449854
0.7800000100000001	-0.006936124623952062
0.7900000100000001	-0.006891811211867786
0.8000000100000001	-0.006847266830417969
0.8100000100000001	-0.006802501211964469
0.8200000100000001	-0.006757524173420431
0.8300000100000001	-0.006712345641710953
0.84000001	-0.00666697530986028
0.85000001	-0.00662142265975197
0.86000001	-0.006575697750941205
0.87000001	-0.006529809651748059
0.88000001	-0.006483768151021772
0.8900000100000001	-0.006437582655861428
0.9000000100000001	-0.006391262555083826
0.9100000100000001	-0.006344817277803018
0.9200000100000001	-0.00629825622127907
0.9300000100000001	-0.006251588606600743
0.9400000100000001	-0.0062048235085800105
0.9500000100000001	-0.006157970366122298
0.96000001	-0.006111037788036708
0.97000001	-0.006064035039843031
0.98000001	-0.00601697100243044
0.99000001	-0.005969854137996131
1.00000001	-0.0059226936317057265
1.01000001	-0.005875497700235887
1.02000001	-0.005828275076974691
1.03000001	-0.005781034254246946
1.04000001	-0.005733783367812656
1.05000001	-0.005686530948904071
1.06000001	-0.005639284859331032
1.07000001	-0.005592053066424086
1.08000001	-0.005544843977160897
1.09000001	-0.005497665603832866
1.10000001	-0.005450525502497038
1.11000001	-0.0054034306740317695
1.12000001	-0.005356388614054524
1.13000001	-0.005309407795487947
1.14000001	-0.00526249575596197
1.15000001	-0.005215658915200715
1.1600000099999999	-0.005168903143886118
1.1700000099999999	-0.005122236682897243
1.1800000099999999	-0.005075667451495658
1.1900000099999999	-0.005029201859325678
1.20000001	-0.004982844813059777
1.21000001	-0.004936602693640016
1.22000001	-0.00489048374614478
1.23000001	-0.0048444947377554
1.24000001	-0.004798640671800422
1.25000001	-0.004752925747212045
1.26000001	-0.004707357386457829
1.27000001	-0.004661942796296094
1.28000001	-0.004616687391971925
1.29000001	-0.004571594779342428
1.30000001	-0.004526669913267678
1.31000001	-0.004481920121002586
1.32000001	-0.0044373512520212805
1.33000001	-0.004392967313465123
1.34000001	-0.004348771212898199
1.35000001	-0.004304769029434638
1.36000001	-0.004260967006519247
1.37000001	-0.004217369611743078
1.38000001	-0.004173979531175128
1.39000001	-0.0041308006370008605
1.40000001	-0.004087838472681392
1.4100000099999999	-0.004045097571124398
1.4200000099999999	-0.00400258137964153
1.4300000099999999	-0.00396029278038942
1.4400000099999999	-0.003918235998152956
1.45000001	-0.0038764149106959777
1.46000001	-0.0038348329851634823
1.47000001	-0.0037934933115764593
1.48000001	-0.0037523992067585317
1.49000001	-0.0037115537004786033
1.50000001	-0.0036709596544115745
1.51000001	-0.003630620024918364
1.52000001	-0.0035905378213853326
1.53000001	-0.0035507156136237498
1.54000001	-0.003511155727222739
1.55000001	-0.0034718605570252374
1.56000001	-0.003432832578985475
1.57000001	-0.0033940740979980714
1.58000001	-0.0033555870789900716
1.59000001	-0.003317373460668931
1.60000001	-0.003279435151835473
1.61000001	-0.0032417740026770836
1.62000001	-0.003204391652604672
1.63000001	-0.003167289702424509
1.64000001	-0.003130469638517106
1.65000001	-0.0030939328165464157
1.66000001	-0.003057680520261967
1.6700000099999999	-0.0030217139402588383
1.6800000099999999	-0.0029860341480344075
1.6900000099999999	-0.0029506421492778217
1.70000001	-0.002915538894431519
1.71000001	-0.002880725234631992
1.72000001	-0.0028462017999620263
1.73000001	-0.0028119692014783515
1.74000001	-0.0027780280600675994
1.75000001	-0.002744378984615305
1.76000001	-0.0027110222674597804
1.77000001	-0.00267795808418837
1.78000001	-0.0026451866822797183
1.79000001	-0.002612708381101217
1.80000001	-0.002580523305712209
1.81000001	-0.002548631283620519
1.82000001	-0.0025170321812612267
1.83000001	-0.002485725934421002
1.84000001	-0.002454712491530636
1.85000001	-0.0024239914756839643
1.86000001	-0.0023935624130125813
1.87000001	-0.002363424889006212
1.88000001	-0.002333578551282017
1.89000001	-0.002304022922993387
1.90000001	-0.002274757259380115
1.91000001	-0.002245780836218352
1.9200000099999999	-0.0022170929848677762
1.9300000099999999	-0.0021886930700001648
1.9400000099999999	-0.0021605802056147844
1.95000001	-0.0021327533714129
1.96000001	-0.002105211617392431
1.97000001	-0.0020779540712567842
1.98000001	-0.0020509797989142547
1.99000001	-0.002024287558482164
2.00000001	-0.001997876130223803
2.01000001	-0.001971744386710893
2.02000001	-0.0019458912753594947
2.03000001	-0.001920315500490005
2.04000001	-0.001895015595013719
2.0500000099999998	-0.0018699901886316624
2.06000001	-0.0018452380194467395
2.07000001	-0.0018207578033338143
2.08000001	-0.001796547932839844
2.09000001	-0.0017726068179445857
2.10000001	-0.0017489329758766413
2.11000001	-0.0017255250197101579
2.12000001	-0.0017023813635871118
2.13000001	-0.0016795002361047221
2.14000001	-0.0016568799602618728
2.15000001	-0.0016345189681314495
2.16000001	-0.0016124157097054724
2.17000001	-0.0015905683432944242
2.18000001	-0.0015689750244992666
2.19000001	-0.0015476340148239506
2.20000001	-0.0015265436774947998
2.21000001	-0.00150570223849552
2.22000001	-0.0014851077262731968
2.23000001	-0.0014647582563224724
2.24000001	-0.0014446520525272432
2.25000001	-0.0014247873869833313
2.26000001	-0.0014051622777341817
2.27000001	-0.0013857747170300011
2.28000001	-0.0013666228030498337
2.29000001	-0.0013477047392924527
2.30000001	-0.0013290186430421024
2.31000001	-0.001310562432207926
2.32000001	-0.0012923341011718379
2.33000001	-0.0012743317490099138
2.34000001	-0.001256553540570255
2.35000001	-0.0012389974345425993
2.36000001	-0.0012216613457814761
2.37000001	-0.0012045432869354296
2.38000001	-0.0011876413699112697
2.39000001	-0.001170953665773597
2.40000001	-0.0011544780632861064
2.41000001	-0.0011382125111987303
2.42000001	-0.0011221550515776297
2.43000001	-0.0011063037977581398
2.44000001	-0.0010906567133913277
2.45000001	-0.0010752117066252834
2.46000001	-0.0010599667699434266
2.47000001	-0.0010449199830142586
2.48000001	-0.0010300694198895595
2.49000001	-0.001015413000788958
2.50000001	-0.0010009486886571456
2.51000001	-0.0009866745264468899
2.52000001	-0.0009725886258930295
2.53000001	-0.000958689000701129
2.54000001	-0.0009449736059272197
2.55000001	-0.0009314404662030203
2.56000001	-0.0009180876796514246
2.57000001	-0.0009049133607628873
2.58000001	-0.0008919155054612815
2.59000001	-0.0008790921375216377
2.60000001	-0.000866441346409923
2.61000001	-0.0008539612825872618
2.62000001	-0.000841650058019342
2.63000001	-0.0008295057358095259
2.64000001	-0.0008175263985129999
2.65000001	-0.0008057101501589725
2.66000001	-0.0007940551165657102
2.67000001	-0.0007825594456321688
2.68000001	-0.000771221307606875
2.69000001	-0.000760038895334719
2.70000001	-0.000749010426144431
2.71000001	-0.0007381341159842092
2.72000001	-0.0007274081129975696
2.73000001	-0.00071683058139356
2.74000001	-0.000706399715461811
2.75000001	-0.0006961137398226218
2.76000001	-0.0006859709096482323
2.77000001	-0.0006759695108562226
2.78000001	-0.0006661078602759088
2.79000001	-0.0006563842981663836
2.80000001	-0.0006467970455137697
2.81000001	-0.0006373444056754112
2.82000001	-0.0006280247388195451
2.83000001	-0.0006188364082029419
2.84000001	-0.0006097777801817249
2.85000001	-0.0006008472242294454
2.86000001	-0.000592043112962095
2.87000001	-0.000583363822169716
2.88000001	-0.0005748077285918794
2.89000001	-0.0005663731557594637
2.90000001	-0.0005580585909568433
2.91000001	-0.0005498625815178068
2.92000001	-0.0005417836579361322
2.93000001	-0.0005338203337608804
2.94000001	-0.0005259711055221603
2.95000001	-0.000518234452686289
2.96000001	-0.0005106088376391946
2.97000001	-0.0005030927060075475
2.98000001	-0.0004956845972468713
2.99000001	-0.0004883831600508461
3.00000001	-0.0004811870166500333
3.01000001	-0.0004740947893135566
3.02000001	-0.00046710510028934757
3.03000001	-0.0004602165717562609
3.04000001	-0.00045342782578760497
3.05000001	-0.00044673748432559976
3.06000001	-0.0004401442337576171
3.0700000100000002	-0.0004336468055847992
3.08000001	-0.0004272438586031111
3.09000001	-0.0004209340806134505
3.10000001	-0.0004147161895749416
3.11000001	-0.00040858893354550786
3.12000001	-0.00040255109060570584
3.13000001	-0.00039660146876644597
3.14000001	-0.00039073888895770336
3.15000001	-0.00038496211922495226
3.16000001	-0.0003792699477630656
3.17000001	-0.0003736611866119265
3.18000001	-0.0003681346697650193
3.19000001	-0.0003626892530832259
3.20000001	-0.00035732381420009476
3.21000001	-0.00035203725241892314
3.22000001	-0.00034682847394276473
3.23000001	-0.0003416963354947449
3.24000001	-0.0003366397808597921
3.25000001	-0.0003316577701427578
3.26000001	-0.0003267492644996835
3.27000001	-0.0003219132260627216
3.28000001	-0.0003171486178744144
3.29000001	-0.0003124544038309788
3.30000001	-0.0003078295482580954
3.31000001	-0.00030327304182834483
3.3200000100000002	-0.00029878394634795166
3.33000001	-0.0002943613316846524
3.34000001	-0.0002900042652497571
3.35000001	-0.0002857118119301885
3.36000001	-0.00028148303403200184
3.37000001	-0.000277316991234946
3.38000001	-0.0002732127409680007
3.39000001	-0.00026916938857884855
3.40000001	-0.000265186082810817
3.41000001	-0.0002612619675713379
3.42000001	-0.00025739619313148906
3.43000001	-0.00025358791603673084
3.44000001	-0.0002498362990215473
3.45000001	-0.00024614051092785726
3.46000001	-0.00024249972662706166
3.47000001	-0.00023891315920605282
3.48000001	-0.00023538003261794113
3.49000001	-0.00023189954225475822
3.50000001	-0.000228470903075558
3.51000001	-0.0002250933496527319
3.52000001	-0.0002217661360297451
3.53000001	-0.00021848853557287774
3.54000001	-0.00021525984081724285
3.55000001	-0.00021207935562235722
3.56000001	-0.00020894635694956645
3.5700000100000002	-0.00020586012509948764
3.58000001	-0.0002028199573594188
3.59000001	-0.00019982516768425777
3.60000001	-0.00019687508656131457
3.61000001	-0.00019396906087097991
3.62000001	-0.00019110645374345394
3.63000001	-0.00018828663996510467
3.64000001	-0.00018550897561137673
3.65000001	-0.0001827728248829397
3.66000001	-0.00018007756531898095
3.67000001	-0.00017742258615145132
3.68000001	-0.0001748072881919737
3.69000001	-0.0001722310837175385
3.70000001	-0.0001696933963550648
3.71000001	-0.00016719366586279543
3.72000001	-0.00016473136839213835
3.73000001	-0.00016230591021053738
3.74000001	-0.00015991670238996983
3.75000001	-0.0001575631814461211
3.76000001	-0.00015524480914501463
3.77000001	-0.000152961072299947
3.78000001	-0.00015071148255920008
3.79000001	-0.00014849557632325893
3.80000001	-0.00014631288573757379
3.81000001	-0.00014416286711648696
3.8200000100000002	-0.0001420449834483577
3.83000001	-0.000139958724573846
3.84000001	-0.00013790360697662248
3.85000001	-0.00013587917356369593
3.86000001	-0.00013388499343589314
3.87000001	-0.00013192066164890266
3.88000001	-0.00012998573623873005
3.89000001	-0.00012807973393911537
3.90000001	-0.0001262022174934786
3.91000001	-0.00012435275698951032
3.92000001	-0.00012253092975946444
3.93000001	-0.00012073632029373873
3.94000001	-0.00011896852015476491
3.95000001	-0.0001172271278912234
3.96000001	-0.00011551173934014715
3.97000001	-0.0001138219539045337
3.98000001	-0.00011215739945987036
3.99000001	-0.00011051770505214709
4.00000001	-0.0001089025000978145
4.01000001	-0.00010731141435073897
4.02000001	-0.0001057440778725687
4.03000001	-0.00010420012100638163
4.04000001	-0.00010267919753176892
4.05000001	-0.00010118101295009566
4.06000001	-0.00009970517873833402
4.07000001	-0.00009825131933926257
4.08000001	-0.00009681908333131781
4.09000001	-0.00009540814320934505
4.10000001	-0.00009401819515719973
4.11000001	-0.00009264895881260864
4.12000001	-0.00009130018519755293
4.13000001	-0.00008997163311394472
4.14000001	-0.00008866289960799361
4.15000001	-0.00008737359714012479
4.16000001	-0.00008610338334452672
4.17000001	-0.0000848519606294431
4.18000001	-0.00008361907576037025
4.19000001	-0.00008240451942713307
4.20000001	-0.00008120812298152154
4.21000001	-0.00008002962419683464
4.22000001	-0.00007886867054638573
4.23000001	-0.00007772494437183711
4.24000001	-0.00007659815448406503
4.25000001	-0.00007548803591369733
4.26000001	-0.00007439434965282611
4.27000001	-0.00007331688238842574
4.28000001	-0.0000722554461029851
4.29000001	-0.00007120976593997593
4.30000001	-0.00007017956427742209
4.31000001	-0.00006916464036240152
4.32000001	-0.00006816478386620039
4.33000001	-0.00006717977495162612
4.34000001	-0.00006620938434636278
4.3500000100000005	-0.00006525337342215227
4.36000001	-0.00006431149427950756
4.37000001	-0.00006338350157527341
4.38000001	-0.00006246920635190719
4.39000001	-0.00006156843323073477
4.40000001	-0.00006068099826557361
4.41000001	-0.00005980670900203695
4.42000001	-0.00005894536454592888
4.43000001	-0.00005809675563663934
4.44000001	-0.00005726066472529597
4.45000001	-0.00005643690962983747
4.46000001	-0.00005562538377792526
4.47000001	-0.00005482583798677925
4.48000001	-0.00005403803975749014
4.49000001	-0.00005326178611586864
4.50000001	-0.000052496903306277705
4.51000001	-0.00005174324647681273
4.52000001	-0.000051000699356275636
4.53000001	-0.00005026917860376197
4.54000001	-0.00004954856166058639
4.55000001	-0.00004883857893037584
4.56000001	-0.000048138985116455436
4.57000001	-0.00004744957777136589
4.58000001	-0.00004677019684891942
4.59000001	-0.00004610072424381593
4.6000000100000005	-0.00004544108331965389
4.61000001	-0.00004479122950651526
4.62000001	-0.00004415095807626757
4.63000001	-0.00004352007903790869
4.64000001	-0.00004289845167988344
4.65000001	-0.00004228593733865745
4.66000001	-0.000041682399368138174
4.67000001	-0.000041087703109571977
4.68000001	-0.00004050171586191094
4.69000001	-0.000039924306063441876
4.70000001	-0.000039355253709416254
4.71000001	-0.00003879445528388015
4.72000001	-0.000038241879377733306
4.73000001	-0.000037697459019731914
4.74000001	-0.00003716109204500738
4.75000001	-0.00003663264147612118
4.76000001	-0.00003611193591665135
4.77000001	-0.000035598769956144795
4.78000001	-0.00003509298526998386
4.79000001	-0.000034594551319387266
4.80000001	-0.00003410338590579916
4.81000001	-0.000033619397491730514
4.82000001	-0.00003314248599356251
4.83000001	-0.000032672542871496794
4.84000001	-0.000032209451222840595
4.8500000100000005	-0.000031753085878434476
4.86000001	-0.00003130338220013642
4.87000001	-0.00003086033923582762
4.88000001	-0.00003042374506027591
4.89000001	-0.00002999342034697977
4.90000001	-0.000029569231433475616
4.91000001	-0.000029151089793722746
4.92000001	-0.00002873895150062423
4.93000001	-0.000028332816679114752
4.94000001	-0.00002793271861328464
4.95000001	-0.000027538558316926602
4.96000001	-0.00002715013497579425
4.97000001	-0.000026767284118921898
4.98000001	-0.000026389881081919217
4.99000001	-0.00002601784054035374
5.00000001	-0.000025651116034804312
5.01000001	-0.00002528969948826363
5.02000001	-0.000024933600744766707
5.03000001	-0.000024582603047046076
5.04000001	-0.00002423664150136296
5.05000001	-0.000023895704642288817
5.06000001	-0.000023559753926192397
5.07000001	-0.00002322872404398271
5.08000001	-0.000022902523241723755
5.09000001	-0.00002258103364900709
5.1000000100000005	-0.00002226411019852326
5.11000001	-0.000021951564497976294
5.12000001	-0.00002164342424993102
5.13000001	-0.000021339758269190293
5.14000001	-0.00002104058084306193
5.15000001	-0.000020745852371604656
5.16000001	-0.000020455480023289997
5.17000001	-0.000020169318407314403
5.18000001	-0.00001988717025950769
5.19000001	-0.000019608967126217817
5.20000001	-0.000019334773458339133
5.21000001	-0.00001906451152841434
5.22000001	-0.000018798111375646497
5.23000001	-0.000018535511123483478
5.24000001	-0.00001827665687705436
5.25000001	-0.0000180215026193344
5.26000001	-0.000017770010106101104
5.27000001	-0.00001752220174279826
5.28000001	-0.00001727807429630772
5.29000001	-0.000017037443156993347
5.30000001	-0.00001680016690804597
5.31000001	-0.000016566154143732887
5.32000001	-0.000016335362838737695
5.33000001	-0.00001610779971137152
5.34000001	-0.000015883519580593767
5.3500000100000005	-0.00001566259344278371
5.36000001	-0.000015444905287529653
5.37000001	-0.000015230332731882104
5.38000001	-0.000015018785578762917
5.39000001	-0.000014810196581476888
5.40000001	-0.000014604521151458932
5.41000001	-0.000014401737062601397
5.42000001	-0.000014201844152449295
5.43000001	-0.00001400484525137164
5.44000001	-0.000013810591790615003
5.45000001	-0.0000136190729232899
5.46000001	-0.000013430303774799894
5.47000001	-0.00001324427494885543
5.48000001	-0.000013060952836787124
5.49000001	-0.00001288027993261549
5.50000001	-0.000012702175153885255
5.51000001	-0.000012526535016452582
5.52000001	-0.00001235330301870996
5.53000001	-0.000012182498647891673
5.54000001	-0.000012014127519590779
5.55000001	-0.00001184817846851643
5.56000001	-0.00001168462376182196
5.57000001	-0.000011523419316021944
5.58000001	-0.00001136450491758965
5.59000001	-0.000011207804446856853
5.6000000100000005	-0.000011053312552425013
5.61000001	-0.00001090103092227117
5.62000001	-0.000010750893484479213
5.63000001	-0.00001060284797343238
5.64000001	-0.000010456855749936676
5.65000001	-0.000010312891619343862
5.66000001	-0.000010170943648099998
5.67000001	-0.000010031012978681876
5.68000001	-9.893095845299425e-6
5.69000001	-9.757138814482063e-6
5.70000001	-9.623094985034192e-6
5.71000001	-9.49092492924502e-6
5.72000001	-9.360596114792326e-6
5.73000001	-9.232082811933166e-6
5.74000001	-9.105365999908015e-6
5.75000001	-8.980433272603822e-6
5.76000001	-8.857259196434603e-6
5.77000001	-8.735778174564913e-6
5.78000001	-8.61599668389151e-6
5.79000001	-8.497916104317812e-6
5.80000001	-8.381525024267749e-6
5.81000001	-8.266799411163126e-6
5.82000001	-8.153702784396338e-6
5.83000001	-8.042186390656534e-6
5.84000001	-7.932190046492862e-6
5.8500000100000005	-7.823682711633359e-6
5.86000001	-7.716680870120257e-6
5.87000001	-7.611192201217119e-6
5.88000001	-7.507211138946454e-6
5.89000001	-7.4047190495307716e-6
5.90000001	-7.303684411288104e-6
5.91000001	-7.2040629969735824e-6
5.92000001	-7.105801935459741e-6
5.93000001	-7.0089262903129975e-6
5.94000001	-6.9134176405294636e-6
5.95000001	-6.819231637420133e-6
5.96000001	-6.726334921295957e-6
5.97000001	-6.634704971585262e-6
5.98000001	-6.54432995583969e-6
5.99000001	-6.455208577894932e-6
6.00000001	-6.367350026221704e-6
6.01000001	-6.28078800357149e-6
6.02000001	-6.195475492661579e-6
6.03000001	-6.111336681332572e-6
6.04000001	-6.028319213451829e-6
6.05000001	-5.946393866924451e-6
6.06000001	-5.865554229736955e-6
6.07000001	-5.785816375557369e-6
6.08000001	-5.707218538073367e-6
6.09000001	-5.6297845262343146e-6
6.1000000100000005	-5.553453783796177e-6
6.11000001	-5.478180252648746e-6
6.12000001	-5.403929789612682e-6
6.13000001	-5.330679531962124e-6
6.1400000100000005	-5.258417738975604e-6
6.15000001	-5.187143632817696e-6
6.16000001	-5.116867238694498e-6
6.17000001	-5.0475880940820554e-6
6.18000001	-4.9792556012632105e-6
6.19000001	-4.911866130685938e-6
6.20000001	-4.845415851047026e-6
6.21000001	-4.779896288633025e-6
6.22000001	-4.715294392072641e-6
6.23000001	-4.651592597774395e-6
6.24000001	-4.58876889600542e-6
6.25000001	-4.526800358885359e-6
6.26000001	-4.465685407506136e-6
6.27000001	-4.40541378915028e-6
6.28000001	-4.345972736321202e-6
6.29000001	-4.287350135940707e-6
6.30000001	-4.229534519908831e-6
6.31000001	-4.172515055654665e-6
6.32000001	-4.116281536681503e-6
6.33000001	-4.060828080443934e-6
6.34000001	-4.006187698095042e-6
6.3500000100000005	-3.952320483278932e-6
6.36000001	-3.899176714948068e-6
6.37000001	-3.846723943348173e-6
6.38000001	-3.7949467440458885e-6
6.3900000100000005	-3.7438464715076274e-6
6.40000001	-3.693441012981017e-6
6.41000001	-3.643764542047057e-6
6.42000001	-3.594839877058784e-6
6.43000001	-3.54661684761661e-6
6.44000001	-3.499044363986511e-6
6.45000001	-3.452088313525994e-6
6.46000001	-3.4057313182037705e-6
6.47000001	-3.3599724914850664e-6
6.48000001	-3.3148271957691894e-6
6.49000001	-3.2703267994930623e-6
6.50000001	-3.226476589539799e-6
6.51000001	-3.183231176939769e-6
6.52000001	-3.1405765585474826e-6
6.53000001	-3.0985011784273378e-6
6.54000001	-3.0569956319569317e-6
6.55000001	-3.016052634530318e-6
6.56000001	-2.9756669901501405e-6
6.57000001	-2.935835559911683e-6
6.58000001	-2.8965470874223878e-6
6.59000001	-2.8577802752576125e-6
6.6000000100000005	-2.8195414135144963e-6
6.61000001	-2.7818331582267287e-6
6.62000001	-2.744652997360827e-6
6.63000001	-2.7079933255503605e-6
6.6400000100000005	-2.6718415195066667e-6
6.65000001	-2.6361800140449203e-6
6.66000001	-2.60098942741098e-6
6.67000001	-2.5662698689895325e-6
6.68000001	-2.532021365113147e-6
6.69000001	-2.4982409474999524e-6
6.70000001	-2.4649239644075203e-6
6.71000001	-2.4320641050755364e-6
6.72000001	-2.399653424346564e-6
6.73000001	-2.367682367452674e-6
6.74000001	-2.3361415027946833e-6
6.75000001	-2.30503732352895e-6
6.76000001	-2.2743595132361415e-6
6.77000001	-2.244094612646584e-6
6.78000001	-2.2142325469880313e-6
6.79000001	-2.1847665765816356e-6
6.80000001	-2.155693247294992e-6
6.81000001	-2.1270123409167065e-6
6.82000001	-2.0987265181682565e-6
6.83000001	-2.07082437053537e-6
6.84000001	-2.043297477029125e-6
6.8500000100000005	-2.0161441500258946e-6
6.86000001	-1.9893612968535714e-6
6.87000001	-1.9629444402505394e-6
6.88000001	-1.936887738955005e-6
6.8900000100000005	-1.911184008425075e-6
6.90000001	-1.8858247416634344e-6
6.91000001	-1.8607855628748065e-6
6.92000001	-1.8360637082097278e-6
6.93000001	-1.8116792666086638e-6
6.94000001	-1.7876429242072208e-6
6.95000001	-1.7639560769561904e-6
6.96000001	-1.7406109681541336e-6
6.97000001	-1.7175908277163937e-6
6.98000001	-1.6948700126865464e-6
6.99000001	-1.6724202894231036e-6
7.00000001	-1.6502495806215034e-6
7.01000001	-1.6283770525269834e-6
7.02000001	-1.606813611887047e-6
7.03000001	-1.585561946669955e-6
7.04000001	-1.564616647791229e-6
7.05000001	-1.5439643322589358e-6
7.06000001	-1.52358376750403e-6
7.07000001	-1.5034531247434365e-6
7.08000001	-1.48358451162036e-6
7.09000001	-1.4639822640216607e-6
7.1000000100000005	-1.444646456213771e-6
7.11000001	-1.425575284028758e-6
7.12000001	-1.4067650928733261e-6
7.13000001	-1.388210405903367e-6
7.1400000100000005	-1.36990395234822e-6
7.15000001	-1.3518388543417416e-6
7.16000001	-1.3340235392657564e-6
7.17000001	-1.3164501798535075e-6
7.18000001	-1.2991088394378974e-6
7.19000001	-1.2819926503627588e-6
7.20000001	-1.2650977680476387e-6
7.21000001	-1.2484233250330891e-6
7.22000001	-1.2319713850662224e-6
7.23000001	-1.2157468713307566e-6
7.24000001	-1.1997511546064557e-6
7.25000001	-1.1839737992409804e-6
7.26000001	-1.1684052159524996e-6
7.27000001	-1.1530386682360531e-6
7.28000001	-1.1378702296457521e-6
7.29000001	-1.1228987410410524e-6
7.30000001	-1.1081257678811082e-6
7.31000001	-1.0935555537175665e-6
7.32000001	-1.0791832296765163e-6
7.33000001	-1.065000962955544e-6
7.34000001	-1.0510086732394499e-6
7.3500000100000005	-1.0372053372077242e-6
7.36000001	-1.023589002589591e-6
7.37000001	-1.0101568022806441e-6
7.38000001	-9.9690496852839e-7
7.3900000100000005	-9.838288471723273e-7
7.40000001	-9.709203388499075e-7
7.41000001	-9.581763406333347e-7
7.42000001	-9.45602493182048e-7
7.43000001	-9.332016789882811e-7
7.44000001	-9.209738826890168e-7
7.45000001	-9.089162349890814e-7
7.46000001	-8.970230569086306e-7
7.47000001	-8.85285904290123e-7
7.48000001	-8.736967851824034e-7
7.49000001	-8.622596566239892e-7
7.50000001	-8.509744733635131e-7
7.51000001	-8.398400467874417e-7
7.52000001	-8.288547657663921e-7
7.53000001	-8.180166030964691e-7
7.54000001	-8.073231219672182e-7
7.55000001	-7.967714824531053e-7
7.56000001	-7.863596620021301e-7
7.57000001	-7.760912843707156e-7
7.58000001	-7.659607150671661e-7
7.59000001	-7.559621243763839e-7
7.6000000100000005	-7.460915669511533e-7
7.61000001	-7.363469530723048e-7
7.62000001	-7.267280199367083e-7
7.63000001	-7.172363030029098e-7
7.6400000100000005	-7.078746823159329e-7
7.65000001	-6.986379142941884e-7
7.66000001	-6.895228331468712e-7
7.67000001	-6.805288011309744e-7
7.68000001	-6.716547664462812e-7
7.69000001	-6.628992695373065e-7
7.70000001	-6.542604494169853e-7
7.71000001	-6.457360500117456e-7
7.72000001	-6.373233722450701e-7
7.73000001	-6.290107754777644e-7
7.74000001	-6.207998705520166e-7
7.75000001	-6.127000466361164e-7
7.76000001	-6.047163772259746e-7
7.77000001	-5.968496850563782e-7
7.78000001	-5.890966074445373e-7
7.79000001	-5.814496624309411e-7
7.80000001	-5.738973153659258e-7
7.81000001	-5.664292964221764e-7
7.82000001	-5.590520579849616e-7
7.83000001	-5.517728203164602e-7
7.84000001	-5.445956266007671e-7
7.8500000100000005	-5.375214157941257e-7
7.86000001	-5.305480703433129e-7
7.87000001	-5.236704643740756e-7
7.88000001	-5.168805122184846e-7
7.8900000100000005	-5.101714009403335e-7
7.90000001	-5.035489093046074e-7
7.91000001	-4.970134708050937e-7
7.92000001	-4.905645625521113e-7
7.9300000100000005	-4.842013215701927e-7
7.94000001	-4.7792255007321e-7
7.95000001	-4.717267207540006e-7
7.96000001	-4.656119820854592e-7
7.97000001	-4.5957740399209914e-7
7.98000001	-4.536264186335212e-7
7.99000001	-4.477547026258213e-7
8.00000001	-4.419580475975763e-7
8.01000001	-4.3623375299538837e-7
8.02000001	-4.305806027293565e-7
8.03000001	-4.2499884188846264e-7
8.040000010000002	-4.1949015355105023e-7
8.050000010000002	-4.140574563980965e-7
8.060000010000001	-4.086999355196998e-7
8.070000010000001	-4.03413753580538e-7
8.080000010000001	-3.981960791147471e-7
8.09000001	-3.9304492373406e-7
8.10000001	-3.87959129113334e-7
8.11000001	-3.829383539898218e-7
8.120000010000002	-3.779830611931336e-7
8.130000010000002	-3.730944241667015e-7
8.140000010000001	-3.6826821775891727e-7
8.150000010000001	-3.635032868663422e-7
8.160000010000001	-3.588016534485652e-7
8.17000001	-3.5416419331401174e-7
8.18000001	-3.4959065369020404e-7
8.19000001	-3.4507967085809153e-7
8.20000001	-3.406287878880745e-7
8.210000010000002	-3.362344724298802e-7
8.220000010000001	-3.3189188551322806e-7
8.230000010000001	-3.27602038977684e-7
8.240000010000001	-3.233688904601897e-7
8.25000001	-3.1919463361082226e-7
8.26000001	-3.150797153975762e-7
8.27000001	-3.110228633140419e-7
8.28000001	-3.070211128225706e-7
8.290000010000002	-3.030698349544367e-7
8.300000010000002	-2.9916571742474094e-7
8.310000010000001	-2.9531224420159856e-7
8.320000010000001	-2.9150906599318027e-7
8.330000010000001	-2.8775554821577675e-7
8.34000001	-2.840510442586631e-7
8.35000001	-2.8039489568584105e-7
8.36000001	-2.7678643243979905e-7
8.370000010000002	-2.7322497304713775e-7
8.380000010000002	-2.697107797190894e-7
8.390000010000001	-2.662460377392427e-7
8.400000010000001	-2.628271322635464e-7
8.410000010000001	-2.594509318869705e-7
8.42000001	-2.561155533422859e-7
8.43000001	-2.528203418878795e-7
8.44000001	-2.495658518020364e-7
8.45000001	-2.4635382699934566e-7
8.460000010000002	-2.4318702265705663e-7
8.470000010000001	-2.400651167674336e-7
8.480000010000001	-2.3698480037955095e-7
8.490000010000001	-2.3394358547783198e-7
8.50000001	-2.3093987236326545e-7
8.51000001	-2.2797293573599095e-7
8.52000001	-2.250429108253312e-7
8.53000001	-2.2215077959014528e-7
8.540000010000002	-2.1929823621268382e-7
8.550000010000002	-2.1648248337404186e-7
8.560000010000001	-2.137024011187312e-7
8.570000010000001	-2.109588929848075e-7
8.580000010000001	-2.0825229923475672e-7
8.59000001	-2.0558240560279805e-7
8.60000001	-2.0294845206441672e-7
8.61000001	-2.0034914164162052e-7
8.620000010000002	-1.9778264922275888e-7
8.630000010000002	-1.952459374865149e-7
8.640000010000001	-1.9273964498847048e-7
8.650000010000001	-1.9026635167887207e-7
8.660000010000001	-1.8782747965656758e-7
8.67000001	-1.8542331066560253e-7
8.68000001	-1.8305300405001426e-7
8.69000001	-1.8071461486144631e-7
8.700000010000002	-1.7840511205511773e-7
8.710000010000002	-1.7612243935286434e-7
8.720000010000001	-1.738687803334963e-7
8.730000010000001	-1.7164429915885655e-7
8.740000010000001	-1.6944890086881853e-7
8.75000001	-1.6728233212878653e-7
8.76000001	-1.651441837402167e-7
8.77000001	-1.63033893154733e-7
8.78000001	-1.60950746990282e-7
8.790000010000002	-1.5889509232762754e-7
8.800000010000002	-1.5686932549538228e-7
8.810000010000001	-1.5487025255408263e-7
8.820000010000001	-1.528952408312985e-7
8.830000010000001	-1.509428167429914e-7
8.84000001	-1.4901264734581658e-7
8.85000001	-1.4710552206084649e-7
8.86000001	-1.4522333457567657e-7
8.870000010000002	-1.4336901094866864e-7
8.880000010000002	-1.415430363343043e-7
8.890000010000001	-1.3974174171874326e-7
8.900000010000001	-1.3796224592639365e-7
8.910000010000001	-1.3620286283671582e-7
8.92000001	-1.3446308236431537e-7
8.93000001	-1.327435516110412e-7
8.94000001	-1.310460562393549e-7
8.950000010000002	-1.293733650585366e-7
8.960000010000002	-1.2772442068761023e-7
8.970000010000001	-1.2609710608149742e-7
8.980000010000001	-1.244905998342056e-7
8.990000010000001	-1.229043230325797e-7
9.00000001	-1.2133793543771695e-7
9.01000001	-1.19791331673473e-7
9.02000001	-1.1826463742628696e-7
9.03000001	-1.1675820373482419e-7
9.040000010000002	-1.1527111246931898e-7
9.050000010000002	-1.1380269085036378e-7
9.060000010000001	-1.1235333793325773e-7
9.070000010000001	-1.1092320393293239e-7
9.080000010000001	-1.0951219412378545e-7
9.09000001	-1.0811997274410986e-7
9.10000001	-1.067459669116885e-7
9.11000001	-1.0538937054464173e-7
9.120000010000002	-1.0404940995797052e-7
9.130000010000002	-1.0272623607173564e-7
9.140000010000001	-1.014200788907046e-7
9.150000010000001	-1.0013099928399152e-7
9.160000010000001	-9.885889369162815e-8
9.17000001	-9.76034967495997e-8
9.18000001	-9.636438391872344e-8
9.19000001	-9.514097411477633e-8
9.200000010000002	-9.393309136959917e-8
9.210000010000002	-9.274156030626333e-8
9.220000010000001	-9.156542300032106e-8
9.230000010000001	-9.040387250171095e-8
9.240000010000001	-8.925641065999334e-8
9.25000001	-8.812284320189889e-8
9.26000001	-8.700327483382163e-8
9.27000001	-8.589810437086296e-8
9.28000001	-8.48080828601831e-8
9.290000010000002	-8.373356274973497e-8
9.300000010000002	-8.267318448798465e-8
9.310000010000001	-8.162582199114926e-8
9.320000010000001	-8.059079891562581e-8
9.330000010000001	-7.956788148059839e-8
9.34000001	-7.855727133717857e-8
9.35000001	-7.755959849395168e-8
9.36000001	-7.657581827521e-8
9.370000010000002	-7.560515022477272e-8
9.380000010000002	-7.464693471764083e-8
9.390000010000001	-7.370101543164798e-8
9.400000010000001	-7.276724106002649e-8
9.410000010000001	-7.184546523314574e-8
9.42000001	-7.093554644073587e-8
9.43000001	-7.003734795459219e-8
9.44000001	-6.915073298524885e-8
9.450000010000002	-6.827499246520539e-8
9.460000010000002	-6.740996932635004e-8
9.470000010000001	-6.655596419421086e-8
9.480000010000001	-6.571314440064237e-8
9.490000010000001	-6.48815460615325e-8
9.50000001	-6.4061076151782e-8
9.51000001	-6.325151458508592e-8
9.52000001	-6.245251630015301e-8
9.53000001	-6.166361334909715e-8
9.540000010000002	-6.088422892932385e-8
9.550000010000002	-6.011414304603805e-8
9.560000010000001	-5.9353641418802495e-8
9.570000010000001	-5.8602935243202285e-8
9.580000010000001	-5.7862120792728604e-8
9.59000001	-5.71311812232533e-8
9.60000001	-5.6409988378165294e-8
9.61000001	-5.5698304598497676e-8
9.620000010000002	-5.499578453737185e-8
9.630000010000002	-5.4301976973070673e-8
9.640000010000001	-5.3616479727068993e-8
9.650000010000001	-5.2939485048318095e-8
9.660000010000001	-5.2271077595456684e-8
9.67000001	-5.161127192681203e-8
9.68000001	-5.09600345161619e-8
9.69000001	-5.0317284516344374e-8
9.700000010000002	-4.96828945232291e-8
9.710000010000002	-4.905669134045262e-8
9.720000010000001	-4.843845674428729e-8
9.730000010000001	-4.782792824698929e-8
9.740000010000001	-4.7224997720314916e-8
9.75000001	-4.662972549723774e-8
9.76000001	-4.604203795436734e-8
9.77000001	-4.546185450883466e-8
9.78000001	-4.488908784901631e-8
9.790000010000002	-4.4323644044684336e-8
9.800000010000002	-4.376542265728928e-8
9.810000010000001	-4.3214316850344694e-8
9.820000010000001	-4.267021349985351e-8
9.830000010000001	-4.2132995390129716e-8
9.84000001	-4.160259042830938e-8
9.85000001	-4.1078928504333525e-8
9.86000001	-4.0561927524095154e-8
9.870000010000002	-4.005150507111299e-8
9.880000010000002	-3.954757841374434e-8
9.890000010000001	-3.9050064512595014e-8
9.900000010000001	-3.855888002811968e-8
9.910000010000001	-3.807394132840408e-8
9.92000001	-3.7595164497119275e-8
9.93000001	-3.7122446467109557e-8
9.94000001	-3.6655632415801654e-8
9.950000010000002	-3.619466911576573e-8
9.960000010000002	-3.573951285927845e-8
9.970000010000001	-3.529011652459697e-8
9.980000010000001	-3.484642962734032e-8
9.990000010000001	-3.4408398371924326e-8
10.00000001	-3.3975965703091356e-8
10.01000001	-3.3549071357564865e-8
10.02000001	-3.312765191584922e-8
10.03000001	-3.271164085418543e-8
10.040000010000002	-3.230096859666253e-8
10.050000010000002	-3.189556256747557e-8
10.060000010000001	-3.149534724330852e-8
10.070000010000001	-3.110024420581391e-8
10.080000010000001	-3.0710172194147195e-8
10.09000001	-3.032504715750539e-8
10.10000001	-2.9944782307609634e-8
10.11000001	-2.9569288171059284e-8
10.120000010000002	-2.9198470603996512e-8
10.130000010000002	-2.883215060625561e-8
10.140000010000001	-2.8470273748683125e-8
10.150000010000001	-2.811285576415186e-8
10.160000010000001	-2.775990327734383e-8
10.17000001	-2.7411413940578845e-8
10.18000001	-2.7067376568763388e-8
10.19000001	-2.6727771273825667e-8
10.200000010000002	-2.6392569598936542e-8
10.210000010000002	-2.6061734652751147e-8
10.220000010000001	-2.5735221243838626e-8
10.230000010000001	-2.5412976015403238e-8
10.240000010000001	-2.5094937580332617e-8
10.25000001	-2.4781036656542302e-8
10.26000001	-2.447119620252033e-8
10.27000001	-2.4165331552908252e-8
10.28000001	-2.38633505538881e-8
10.290000010000002	-2.35651536980789e-8
10.300000010000002	-2.327063425857912e-8
10.310000010000001	-2.297967842172414e-8
10.320000010000001	-2.269215737540775e-8
10.330000010000001	-2.2408014400858616e-8
10.34000001	-2.2127290110887462e-8
10.35000001	-2.1850017388201304e-8
10.36000001	-2.157621851130465e-8
10.370000010000002	-2.130590531368632e-8
10.380000010000002	-2.1039079341803625e-8
10.390000010000001	-2.0775732012424816e-8
10.400000010000001	-2.0515844769782874e-8
10.410000010000001	-2.0259389242881312e-8
10.42000001	-2.0006327403183774e-8
10.43000001	-1.9756611722807725e-8
10.44000001	-1.9510185333231884e-8
10.450000010000002	-1.926698218441553e-8
10.460000010000002	-1.902692720411728e-8
10.470000010000001	-1.87899364570884e-8
10.480000010000001	-1.85559173037055e-8
10.490000010000001	-1.8324768557495062e-8
10.50000001	-1.8096380640891225e-8
10.51000001	-1.78706382251188e-8
10.52000001	-1.7647500358092787e-8
10.53000001	-1.7427006109090872e-8
10.540000010000002	-1.720918852524459e-8
10.550000010000002	-1.6994071781398087e-8
10.560000010000001	-1.678167131342404e-8
10.570000010000001	-1.6571993950241667e-8
10.580000010000001	-1.6365038045066276e-8
10.59000001	-1.6160793606325823e-8
10.60000001	-1.5959242428582517e-8
10.61000001	-1.5760358223701913e-8
10.620000010000002	-1.5564106752414533e-8
10.630000010000002	-1.5370445956319134e-8
10.640000010000001	-1.517932609027824e-8
10.650000010000001	-1.4990689855061147e-8
10.660000010000001	-1.4804472529990996e-8
10.67000001	-1.4620602105255803e-8
10.68000001	-1.4438999413445681e-8
10.69000001	-1.4259578259781285e-8
10.700000010000002	-1.4082245550401334e-8
10.710000010000002	-1.3906942032005601e-8
10.720000010000001	-1.3733700580541744e-8
10.730000010000001	-1.3562545473627256e-8
10.740000010000001	-1.3393494449869683e-8
10.75000001	-1.3226558969724164e-8
10.76000001	-1.3061744310351935e-8
10.77000001	-1.2899049659833371e-8
10.78000001	-1.27384682110436e-8
10.790000010000002	-1.2579987255435383e-8
10.800000010000002	-1.2423588276911694e-8
10.810000010000001	-1.2269247045906276e-8
10.820000010000001	-1.2116933713728914e-8
10.830000010000001	-1.1966612907167007e-8
10.84000001	-1.1818243823273073e-8
10.85000001	-1.1671780324203372e-8
10.86000001	-1.152717103190987e-8
10.870000010000002	-1.1384359422423899e-8
10.880000010000002	-1.1243283919406466e-8
10.890000010000001	-1.1103877986576234e-8
10.900000010000001	-1.0966077348591402e-8
10.910000010000001	-1.0829884513881088e-8
10.92000001	-1.0695319734165663e-8
10.93000001	-1.0562395971257905e-8
10.94000001	-1.0431121669992705e-8
10.950000010000002	-1.0301500826480448e-8
10.960000010000002	-1.0173533055835096e-8
10.970000010000001	-1.0047213659593907e-8
10.980000010000001	-9.922533693005714e-9
10.990000010000001	-9.799480032322838e-9
11.00000001	-9.678035442190586e-9
11.01000001	-9.558178643187124e-9
11.02000001	-9.439884379524878e-9
11.03000001	-9.323123486883021e-9
11.040000010000002	-9.207862960299372e-9
11.050000010000002	-9.094066022008007e-9
11.060000010000001	-8.981692189067543e-9
11.070000010000001	-8.870697340583342e-9
11.080000010000001	-8.761033784285199e-9
11.09000001	-8.652650661122046e-9
11.10000001	-8.545546751736596e-9
11.11000001	-8.439743507737217e-9
11.120000010000002	-8.335239349062236e-9
11.130000010000002	-8.232030888002088e-9
11.140000010000001	-8.130112956568093e-9
11.150000010000001	-8.029478633736023e-9
11.160000010000001	-7.930119272612861e-9
11.17000001	-7.832024527566436e-9
11.18000001	-7.735182381348372e-9
11.19000001	-7.63957917223169e-9
11.200000010000002	-7.545199621175314e-9
11.210000010000002	-7.452026859018524e-9
11.220000010000001	-7.360042453698977e-9
11.230000010000001	-7.269226437479292e-9
11.240000010000001	-7.179557334157245e-9
11.25000001	-7.091012186225952e-9
11.26000001	-7.003566581940912e-9
11.27000001	-6.9171946822416036e-9
11.28000001	-6.831869247466133e-9
11.290000010000002	-6.747575534007168e-9
11.300000010000002	-6.664333539828276e-9
11.310000010000001	-6.58213221383326e-9
11.320000010000001	-6.500958103786508e-9
11.330000010000001	-6.420797974576944e-9
11.34000001	-6.341638805206541e-9
11.35000001	-6.263467785810579e-9
11.36000001	-6.186272314709556e-9
11.370000010000002	-6.110039995492399e-9
11.380000010000002	-6.034758634130982e-9
11.390000010000001	-5.960416236125455e-9
11.400000010000001	-5.8870010036804975e-9
11.410000010000001	-5.814501332911987e-9
11.42000001	-5.742905811084033e-9
11.43000001	-5.672203213876052e-9
11.44000001	-5.602382502679652e-9
11.450000010000002	-5.533432821925087e-9
11.460000010000002	-5.465343496437074e-9
11.470000010000001	-5.39810402881952e-9
11.480000010000001	-5.3317048419637795e-9
11.490000010000001	-5.266147575723681e-9
11.50000001	-5.2014213406675085e-9
11.51000001	-5.137510372769104e-9
11.52000001	-5.074399776941859e-9
11.53000001	-5.012075514223735e-9
11.540000010000002	-4.950524388970323e-9
11.550000010000002	-4.889734036070094e-9
11.560000010000001	-4.8296929081939475e-9
11.570000010000001	-4.770390263089246e-9
11.580000010000001	-4.7118161509262375e-9
11.59000001	-4.653961401702791e-9
11.60000001	-4.596817612711298e-9
11.61000001	-4.540377136069472e-9
11.620000010000002	-4.484633066314712e-9
11.630000010000002	-4.4295792280596585e-9
11.640000010000001	-4.375210163704355e-9
11.650000010000001	-4.321521121198557e-9
11.660000010000001	-4.268508041845471e-9
11.67000001	-4.216167548136254e-9
11.68000001	-4.164494136350005e-9
11.69000001	-4.113474952005352e-9
11.700000010000002	-4.063097849967104e-9
11.710000010000002	-4.013351340412769e-9
11.720000010000001	-3.964224544411363e-9
11.730000010000001	-3.915707184843774e-9
11.740000010000001	-3.867789577338897e-9
11.75000001	-3.820462621233683e-9
11.76000001	-3.773717790564012e-9
11.77000001	-3.727547125092013e-9
11.78000001	-3.6819432213740716e-9
11.790000010000002	-3.6368992238726114e-9
11.800000010000002	-3.592408816113383e-9
11.810000010000001	-3.5484662118886276e-9
11.820000010000001	-3.5050661465053987e-9
11.830000010000001	-3.462203868076841e-9
11.84000001	-3.4198751288530285e-9
11.85000001	-3.378076176586706e-9
11.86000001	-3.3368037459278964e-9
11.870000010000002	-3.2960540179206745e-9
11.880000010000002	-3.255815027649757e-9
11.890000010000001	-3.216077526715962e-9
11.900000010000001	-3.1768338405496593e-9
11.910000010000001	-3.1380766832935334e-9
11.92000001	-3.0997991518761446e-9
11.93000001	-3.061994720108138e-9
11.94000001	-3.0246572328036865e-9
11.950000010000002	-2.9877808999289473e-9
11.960000010000002	-2.9513602907789583e-9
11.970000010000001	-2.9153903281833966e-9
11.980000010000001	-2.879866282741406e-9
11.990000010000001	-2.844783767084681e-9